{
 "cells": [
  {
   "cell_type": "code",
   "execution_count": 1,
   "id": "017e56b3",
   "metadata": {},
   "outputs": [],
   "source": [
    "import numpy as np"
   ]
  },
  {
   "cell_type": "markdown",
   "id": "a9f4d621",
   "metadata": {},
   "source": [
    "- Создайте случайную матрицу А1 размерностью 5 на 5\n",
    "- Транспонируйте матрицу A1\n",
    "- Найдите обратную матрицу для А1\n",
    "- Создайте диагональную матрицу - поэлементно перемножив единичную матрицу I и случайную матрицу A2 размерности 4 на 4\n",
    "- Создайте нулевую матрицу размерности 3 на 3\n",
    "- Для всех полученных матриц найдите: определитель, ранг и собственные значения\n",
    "- Проанализируйте результаты"
   ]
  },
  {
   "cell_type": "code",
   "execution_count": 2,
   "id": "20688bcb",
   "metadata": {},
   "outputs": [
    {
     "name": "stdout",
     "output_type": "stream",
     "text": [
      "[[0.5726678  0.16285531 0.09552129 0.65168923 0.05381627]\n",
      " [0.02509744 0.11706335 0.3055316  0.38106777 0.77584626]\n",
      " [0.07468988 0.41500217 0.95397696 0.24498582 0.22567149]\n",
      " [0.36878458 0.73574022 0.50034304 0.71410017 0.54780348]\n",
      " [0.82981172 0.71149399 0.52070581 0.34720285 0.52891542]]\n"
     ]
    }
   ],
   "source": [
    "A1 = np.random.random((5,5))\n",
    "print(A1)"
   ]
  },
  {
   "cell_type": "code",
   "execution_count": 4,
   "id": "1b436789",
   "metadata": {},
   "outputs": [
    {
     "name": "stdout",
     "output_type": "stream",
     "text": [
      "[[0.5726678  0.02509744 0.07468988 0.36878458 0.82981172]\n",
      " [0.16285531 0.11706335 0.41500217 0.73574022 0.71149399]\n",
      " [0.09552129 0.3055316  0.95397696 0.50034304 0.52070581]\n",
      " [0.65168923 0.38106777 0.24498582 0.71410017 0.34720285]\n",
      " [0.05381627 0.77584626 0.22567149 0.54780348 0.52891542]]\n"
     ]
    }
   ],
   "source": [
    "print(A1.transpose())"
   ]
  },
  {
   "cell_type": "code",
   "execution_count": 5,
   "id": "b073ccec",
   "metadata": {},
   "outputs": [
    {
     "name": "stdout",
     "output_type": "stream",
     "text": [
      "[[ 0.81083128  0.07188651 -0.07469614 -1.36337282  1.25598225]\n",
      " [-1.38503655 -1.2911216  -0.61572283  2.10932329  0.11288348]\n",
      " [ 0.3671695   0.20839939  1.42494318 -0.95228958  0.03526636]\n",
      " [ 1.15808055  0.11816833  0.05118953  0.8361072  -1.17897582]\n",
      " [-0.53064871  1.34129166 -0.49097173 -0.30981168  0.50752095]]\n"
     ]
    }
   ],
   "source": [
    "from numpy import linalg as ln\n",
    "A_inv = ln.inv(A1)\n",
    "print(A_inv)"
   ]
  },
  {
   "cell_type": "code",
   "execution_count": 13,
   "id": "e0a1155f",
   "metadata": {},
   "outputs": [
    {
     "data": {
      "text/plain": [
       "array([[ 1.00000000e+00,  7.03348874e-17,  3.63867878e-17,\n",
       "         1.56448321e-16,  3.42203419e-17],\n",
       "       [-1.55369293e-16,  1.00000000e+00, -2.21360538e-16,\n",
       "        -1.99778816e-16, -2.23991978e-16],\n",
       "       [-1.72341860e-17,  6.49985537e-17,  1.00000000e+00,\n",
       "        -1.04648999e-17,  7.07849921e-17],\n",
       "       [ 5.79566993e-17,  3.05260038e-17,  8.07241092e-18,\n",
       "         1.00000000e+00, -7.29446989e-17],\n",
       "       [ 1.69933892e-17,  1.95649789e-17,  4.71017527e-17,\n",
       "        -4.68059678e-17,  1.00000000e+00]])"
      ]
     },
     "execution_count": 13,
     "metadata": {},
     "output_type": "execute_result"
    }
   ],
   "source": [
    "A_inv @ A1 # algorithm is broken :("
   ]
  },
  {
   "cell_type": "code",
   "execution_count": 14,
   "id": "38a6ae35",
   "metadata": {},
   "outputs": [
    {
     "name": "stdout",
     "output_type": "stream",
     "text": [
      "[[0.14020189 0.         0.         0.        ]\n",
      " [0.         0.14734998 0.         0.        ]\n",
      " [0.         0.         0.15573018 0.        ]\n",
      " [0.         0.         0.         0.14007731]]\n"
     ]
    }
   ],
   "source": [
    "I = np.eye(4) \n",
    "A2 = np.random.random((4,4))\n",
    "A3 = I * A2\n",
    "print(A3)"
   ]
  },
  {
   "cell_type": "code",
   "execution_count": 15,
   "id": "25ef4431",
   "metadata": {},
   "outputs": [
    {
     "name": "stdout",
     "output_type": "stream",
     "text": [
      "[[0. 0. 0.]\n",
      " [0. 0. 0.]\n",
      " [0. 0. 0.]]\n"
     ]
    }
   ],
   "source": [
    "A4 = np.zeros((3,3))\n",
    "print(A4)"
   ]
  },
  {
   "cell_type": "code",
   "execution_count": 16,
   "id": "71e742ad",
   "metadata": {},
   "outputs": [
    {
     "name": "stdout",
     "output_type": "stream",
     "text": [
      "Определитель случайной матрицы: \t\t-0.14695\n",
      "Определитель транспонированной матрицы: \t-0.14695\n",
      "Определитель обратной матрицы: \t\t-6.80498\n",
      "Определитель диагональной матрицы: \t\t 0.00045\n",
      "Определитель нулевой матрицы: \t\t 0.0\n"
     ]
    }
   ],
   "source": [
    "print(f\"Определитель случайной матрицы: \\t\\t{ln.det(A1):.5f}\")\n",
    "print(f\"Определитель транспонированной матрицы: \\t{ln.det(A1.transpose()):.5f}\")\n",
    "print(f\"Определитель обратной матрицы: \\t\\t{ln.det(A_inv):.5f}\")\n",
    "print(f\"Определитель диагональной матрицы: \\t\\t {ln.det(A3):.5f}\")\n",
    "print(f\"Определитель нулевой матрицы: \\t\\t {ln.det(A4)}\")"
   ]
  },
  {
   "cell_type": "code",
   "execution_count": 17,
   "id": "25facca2",
   "metadata": {},
   "outputs": [
    {
     "data": {
      "text/plain": [
       "-6.805035726437564"
      ]
     },
     "execution_count": 17,
     "metadata": {},
     "output_type": "execute_result"
    }
   ],
   "source": [
    "1 / (-0.14695)"
   ]
  },
  {
   "cell_type": "code",
   "execution_count": 18,
   "id": "d8ce7c82",
   "metadata": {},
   "outputs": [
    {
     "name": "stdout",
     "output_type": "stream",
     "text": [
      "Ранг случайной матрицы: \t\t5\n",
      "Ранг транспонированной матрицы: \t5\n",
      "Ранг обратной матрицы: \t\t5\n",
      "Ранг диагональной матрицы: \t\t4\n",
      "Ранг нулевой матрицы: \t\t0\n"
     ]
    }
   ],
   "source": [
    "print(f\"Ранг случайной матрицы: \\t\\t{ln.matrix_rank(A1)}\")\n",
    "print(f\"Ранг транспонированной матрицы: \\t{ln.matrix_rank(A1.transpose())}\")\n",
    "print(f\"Ранг обратной матрицы: \\t\\t{ln.matrix_rank(A_inv)}\")\n",
    "print(f\"Ранг диагональной матрицы: \\t\\t{ln.matrix_rank(A3)}\")\n",
    "print(f\"Ранг нулевой матрицы: \\t\\t{ln.matrix_rank(A4)}\")"
   ]
  },
  {
   "cell_type": "code",
   "execution_count": 19,
   "id": "e446d14c",
   "metadata": {
    "scrolled": true
   },
   "outputs": [
    {
     "name": "stdout",
     "output_type": "stream",
     "text": [
      "Собственные значения случайной матрицы: \n",
      "[ 2.19230527+0.j         -0.49350436+0.j          0.23253374+0.36582702j\n",
      "  0.23253374-0.36582702j  0.72285531+0.j        ]\n",
      "Собственные значения транспонированной матрицы: \n",
      "[ 2.19230527+0.j          0.72285531+0.j          0.23253374+0.36582702j\n",
      "  0.23253374-0.36582702j -0.49350436+0.j        ]\n",
      "Собственные значения обратной матрицы: \n",
      "[-2.02632453+0.j          1.237531  +1.94691002j  1.237531  -1.94691002j\n",
      "  1.38340271+0.j          0.45614086+0.j        ]\n",
      "Собственные значения диагональной матрицы: \n",
      "[0.14020189 0.14734998 0.15573018 0.14007731]\n",
      "Собственные значения нулевой матрицы: \n",
      "[0. 0. 0.]\n"
     ]
    }
   ],
   "source": [
    "print(f\"Собственные значения случайной матрицы: \\n{ln.eigvals(A1)}\")\n",
    "print(f\"Собственные значения транспонированной матрицы: \\n{ln.eigvals(A1.transpose())}\")\n",
    "print(f\"Собственные значения обратной матрицы: \\n{ln.eigvals(A_inv)}\")\n",
    "print(f\"Собственные значения диагональной матрицы: \\n{ln.eigvals(A3)}\")\n",
    "print(f\"Собственные значения нулевой матрицы: \\n{ln.eigvals(A4)}\")"
   ]
  },
  {
   "cell_type": "code",
   "execution_count": null,
   "id": "b2cef67f",
   "metadata": {},
   "outputs": [],
   "source": []
  }
 ],
 "metadata": {
  "kernelspec": {
   "display_name": "Python 3 (ipykernel)",
   "language": "python",
   "name": "python3"
  },
  "language_info": {
   "codemirror_mode": {
    "name": "ipython",
    "version": 3
   },
   "file_extension": ".py",
   "mimetype": "text/x-python",
   "name": "python",
   "nbconvert_exporter": "python",
   "pygments_lexer": "ipython3",
   "version": "3.9.7"
  }
 },
 "nbformat": 4,
 "nbformat_minor": 5
}
